2
2
333333333333344444414411111113
333333333331111111444411111113
333333333331111111144441111113
333333333331111111144141111113
333333333331111111444141111133
333333333311111111414141111111
333333333311111111444141111111
323333333311111111144144111111
223333333333111111111114111111
233333333333111111111144111111
233333333333111111114441111111
233331111111111111114111111111
233311111111111144444111111111
233311111111111141111111111111
233311111111111141111111111111
222211111111111441111111111111
111111111111111111111111111111
111111111111111111111111111113
111111111111111111111111111113
111111111111111111111111011113
7 1
15 15
